863
380 393
121 177
34 54
190 152
342 166
225 102
472 143
276 675
761 606
558 3
245 313
141 69
36 433
666 338
74 59
715 513
143 163
166 24
72 52
10 113
13 352
6 7
157 494
743 560
573 158
5 11
8 187
589 608
818 630
24 18
56 314
452 622
9 81
288 774
88 427
842 804
838 672
790 408
259 656
115 481
817 314
665 840
134 64
582 510
419 235
563 467
490 394
269 30
4 14
1 3
22 20
109 618
16 11
315 101
713 756
32 98
563 663
711 728
48 210
414 94
679 244
138 411
777 657
233 191
350 293
742 470
843 378
70 65
634 178
503 547
659 403
569 89
34 19
55 40
527 735
30 85
33 22
107 360
46 41
187 783
215 591
350 602
640 409
767 216
823 426
271 730
484 418
29 21
419 522
34 114
644 211
60 24
661 523
287 169
11 12
290 4
193 173
657 31
104 839
237 334
353 737
558 614
257 102
763 848
44 444
176 39
431 670
347 309
64 338
5 40
841 579
231 163
763 139
309 200
358 57
233 844
708 311
244 256
78 70
560 793
202 459
122 354
44 204
205 149
131 532
65 63
116 372
651 388
53 170
549 66
567 498
688 633
213 2
610 79
132 91
861 226
220 195
689 524
7 71
409 388
186 19
174 42
5 1
116 514
123 95
108 137
170 316
544 282
214 139
434 393
254 364
286 820
71 304
213 343
239 237
502 391
101 690
216 114
464 33
55 63
467 821
616 29
517 289
241 306
815 444
830 794
130 139
127 26
174 355
717 630
16 173
282 22
163 536
161 786
447 206
130 668
77 74
822 849
91 327
104 401
263 40
288 64
557 857
277 235
318 218
658 364
57 73
114 649
135 28
45 116
622 824
490 744
169 498
631 334
771 220
66 211
420 393
470 543
202 224
422 308
533 439
84 52
624 545
496 169
465 355
143 7
419 528
426 311
43 296
560 402
503 778
38 227
361 307
581 706
545 416
762 811
650 520
394 296
13 175
584 339
541 291
428 100
536 611
328 369
686 41
166 523
60 91
655 203
162 243
321 382
58 16
239 289
335 161
323 199
491 571
501 454
772 195
82 68
291 58
367 199
677 61
172 453
580 353
13 365
694 698
331 363
183 30
816 796
451 489
39 244
2 110
279 183
524 327
184 128
278 154
540 240
68 24
247 104
15 14
252 141
208 491
6 13
625 197
8 20
298 851
414 781
607 562
91 557
654 351
673 699
219 110
108 300
559 405
487 232
284 238
569 785
224 329
773 730
629 59
613 264
120 267
712 782
399 520
196 38
486 483
656 853
293 295
26 31
39 145
466 754
34 47
398 12
416 272
2 331
82 330
620 202
147 68
332 175
95 79
813 695
150 16
148 693
126 165
240 59
23 38
359 211
176 253
280 262
765 327
171 825
131 17
431 204
9 109
57 3
23 1
218 195
212 581
45 32
376 356
797 649
358 695
36 20
586 835
160 479
22 43
258 48
468 413
397 458
362 293
361 862
4 1
720 747
182 474
434 500
653 488
247 450
384 92
415 187
827 98
564 237
19 399
493 788
41 860
172 292
28 14
143 339
400 776
699 719
636 20
13 89
19 5
451 191
197 120
277 445
226 202
16 64
142 153
822 271
5 473
545 852
370 214
412 407
23 199
104 32
85 424
746 86
10 615
603 21
283 197
389 346
277 374
18 37
356 267
72 102
170 632
705 572
321 246
543 768
230 158
164 33
324 136
435 40
240 515
599 243
702 359
562 27
407 268
307 33
5 298
82 833
172 191
680 235
260 113
182 44
529 195
368 145
377 209
552 117
87 662
132 341
48 13
791 480
441 183
20 482
385 769
204 757
345 323
700 43
144 121
130 178
810 333
273 266
400 8
318 585
210 711
118 30
160 77
156 71
324 510
168 726
328 186
197 621
266 82
312 32
87 53
455 762
442 225
638 427
466 527
759 649
587 176
723 116
385 323
32 52
8 5
4 50
764 591
545 806
195 396
317 402
593 42
792 642
91 124
209 71
281 75
110 212
707 832
114 546
10 274
434 854
115 72
133 23
863 434
42 41
697 558
158 192
366 230
749 685
753 451
161 180
305 684
217 238
601 342
553 350
856 265
519 550
319 73
79 62
740 520
293 780
238 248
18 155
30 3
46 586
179 336
23 497
275 121
509 183
701 809
859 520
476 202
775 515
499 168
99 200
259 192
758 86
192 507
48 612
50 94
367 733
102 646
354 729
682 441
340 259
133 539
699 712
163 855
410 153
488 285
492 425
217 175
2 1
18 627
526 475
198 57
692 443
154 3
361 392
219 477
630 256
807 82
138 87
448 174
401 408
99 64
794 521
579 187
466 233
128 120
197 731
74 303
116 255
779 754
367 508
348 72
10 18
155 162
685 513
24 49
108 751
437 386
41 3
504 222
378 236
556 366
795 144
493 10
82 151
148 121
360 503
812 470
678 566
364 495
251 538
79 241
157 133
310 155
725 494
220 572
39 38
98 172
461 365
645 620
76 117
804 451
37 152
159 380
75 8
39 44
381 41
337 154
303 592
98 439
516 170
357 789
609 214
683 659
846 552
203 54
828 449
357 309
704 451
101 35
432 102
65 511
845 78
32 8
38 130
43 467
353 308
388 701
39 103
201 242
189 47
669 354
387 455
710 365
179 9
592 674
575 276
237 87
49 159
600 220
126 819
302 276
527 574
371 291
5 136
325 43
299 103
724 626
750 309
22 26
760 708
814 214
583 420
120 13
104 483
802 503
829 38
721 90
13 149
124 185
619 425
1 660
179 194
150 429
237 530
727 404
111 103
300 837
235 78
576 294
55 67
191 249
8 88
440 353
801 536
637 563
167 286
738 361
213 800
687 16
36 126
485 162
59 784
831 614
10 4
578 79
577 208
272 132
189 606
22 93
739 257
89 129
238 452
93 119
51 24
826 321
596 363
594 664
250 91
317 21
98 206
168 54
332 590
105 167
446 416
132 506
308 280
296 418
130 271
460 89
315 425
121 626
107 10
513 48
86 73
53 28
605 282
146 144
383 153
110 470
449 285
681 363
740 748
234 215
66 63
264 26
270 233
88 301
145 379
653 741
548 476
676 619
96 5
639 35
32 808
457 76
337 648
384 617
372 805
588 482
796 730
847 59
33 59
57 732
635 536
142 534
238 858
671 365
555 452
157 158
390 193
232 209
707 409
654 696
229 212
386 153
519 206
56 97
222 27
620 672
245 183
62 41
247 403
505 311
68 594
311 149
207 204
181 23
720 214
1 9
112 718
278 598
65 202
142 122
269 404
525 141
361 537
56 23
236 44
478 10
67 387
276 211
20 61
335 713
647 593
268 694
623 588
836 748
303 351
167 169
89 106
3 25
443 250
483 799
38 140
243 436
32 35
434 566
7 703
454 561
326 787
215 111
221 184
244 346
358 373
322 38
691 100
25 535
463 143
736 651
426 462
52 69
803 713
28 195
297 36
294 52
223 397
285 44
133 395
568 170
589 557
370 438
595 431
294 406
714 394
164 652
706 834
212 375
223 73
366 413
293 114
685 709
122 766
798 25
112 61
551 96
19 121
108 2
194 208
21 90
320 261
437 604
241 531
263 268
554 370
850 88
83 15
5 6
459 518
107 755
391 249
641 282
469 370
185 388
210 261
122 201
222 333
262 11
339 633
356 734
542 507
116 480
372 471
456 62
251 179
152 417
722 406
565 216
344 122
70 92
305 20
64 122
405 15
421 597
186 246
593 643
