18760.6402614
4301.35242572
4402.40010572
4429.44738572
4516.47941572
4588.47941572
4629.56347572
4691.48860572
4744.59041572
4788.54136572
4881.64932572
4889.58904572
4946.61050572
5009.74428572
5017.64761572
5104.67964572
5122.82834572
5179.84980572
5232.73822572
5236.87126572
5373.93017572
5395.80155572
5472.99858572
5508.88561572
5595.91764572
5620.06699572
5719.13540572
5724.01260572
5821.06536572
5847.19398572
5977.16647572
5994.26239572
6090.25053572
6093.33080572
6189.31894572
6206.41486572
6302.40300572
6303.46762572
6418.49456572
6433.44349572
6517.56297572
6561.53845572
6660.60686572
6673.66408572
6757.65962572
6804.70457572
6870.74368572
6935.74506572
6973.75287572
7091.84617572
7136.81620572
7219.94113572
7250.85913572
7307.88059572
7406.02044572
7421.92352572
7519.10450572
7550.96611572
7590.14161572
7664.05017572
7704.18454572
7767.05936572
7833.22713572
7898.09985572
7961.28571572
8013.12679572
8108.35412572
8150.18570572
8236.44908572
8264.22863572
8383.51749572
8411.29704572
8497.56042572
8540.33963572
8594.61318572
8597.36109572
8697.62237572
8744.42950572
8815.46661572
8853.72348572
8952.52552572
8981.78206572
9066.56845572
9112.82255572
9169.57764572
9169.84401572
9297.63622572
9306.90292572
9453.73733572
9463.00403572
9590.79624572
9591.06261572
9647.81770572
9694.07180572
9778.85819572
9808.11473572
9906.91677572
9945.17364572
10016.2107557
10063.0178857
10163.2791657
10166.0270757
10220.3006257
10263.0798357
10349.3432157
10377.1227657
10496.4116257
10524.1911757
10610.4545557
10652.2861357
10747.5134657
10799.3545457
10862.5404057
10927.4131257
10993.5808957
11056.4557157
11096.5900857
11170.4986457
11209.6741457
11241.5357557
11338.7167357
11354.6198157
11452.7596657
11509.7811257
11540.6991257
11623.8240557
11668.7940857
11786.8873857
11824.8951957
11889.8965757
11955.9356857
12002.9806357
12086.9761757
12100.0333957
12199.1018057
12243.0772857
12327.1967657
12342.1456957
12457.1726357
12458.2372557
12554.2253957
12571.3213157
12667.3094557
12670.3897257
12766.3778657
12783.4737857
12913.4462757
12939.5748957
13036.6276557
13041.5048557
13140.5732657
13164.7226157
13251.7546457
13287.6416757
13364.8387057
13386.7100857
13523.7689957
13527.9020357
13580.7904557
13637.8119157
13655.9606157
13742.9926457
13750.8959757
13814.0297557
13871.0512157
13878.9909357
13972.0988957
14016.0498457
14069.1516557
14131.0767857
14172.1608457
14244.1608457
14331.1928757
14358.2401557
14459.2878357
