2596.35252435
2663.26358957
2724.41110435
2786.50953436
2791.81335081
2797.17087076
2853.45369435
2917.70773059
2966.53775435
3113.35094856
3122.63886435
3211.15588794
3235.72292435
3263.76778327
3332.77568435
3373.10617623
3389.79714435
3571.47055013
3575.87645435
3594.66661937
3616.41410121
3646.91356435
3777.95405435
3819.75470242
3915.01296435
3989.53497632
3999.47258402
4029.05589435
4062.29942102
4158.09848435
4218.68053652
4259.14616435
4360.19384435
4398.66102871
4406.02882188
4475.22078435
4503.04835811
4574.10983721
4588.30484435
4645.32630435
4651.84373356
4689.33385204
4702.33413068
4743.616125
4748.33549435
4757.8958649
4879.37598435
4895.40390435
4899.52012462
4976.42874435
4994.47231435
5033.45020435
5042.62886468
5048.34409975
5107.55637435
5139.31732035
5152.10432825
5161.54516435
5206.62478435
5209.14146355
5236.57291465
5264.55435435
5293.09784056
5305.69319435
5379.58129435
5393.72301842
5394.38166007
5408.02649459
5430.92847935
5468.75652435
5494.60823435
5579.99846676
5581.84058435
5597.61742435
5663.29850712
5696.86752435
5698.66510435
5770.75588115
5809.95158435
5813.69204435
5900.72407435
5938.04654435
6025.07857435
6086.80338435
6109.63990964
6172.14698435
6185.87179435
6245.03047169
6309.20589435
6341.97290435
6377.53317772
6446.26480435
6450.61630773
6460.4421166
6479.03181435
6577.30529435
6740.36862435
6766.92374117
6868.42720435
