1688.79188854
1825.85079854
1962.90970854
2075.99376854
2177.04144854
2292.06838854
2407.09532854
2536.13791854
2683.20632854
2814.24681854
2901.27884854
3015.32177854
3201.40108854
3304.41027854
3417.49433854
3530.57839854
3659.62098854
3758.68939854
3886.78435854
3999.86841854
4128.91100854
4256.96958854
4371.01251854
4557.09182854
4672.11876854
4785.20282854
4842.22428854
4973.26477854
5030.28623854
5186.38734854
5315.42993854
5443.48851854
5590.55692854
5677.58895854
5780.59814854
5908.65672854
6039.69721854
6152.78127854
6266.82420854
6369.83339854
6482.91745854
6539.93891854
6642.94810854
6743.99578854
6847.00497854
7033.08428854
7132.15269854
7235.16188854
7366.20237854
7479.28643854
7626.35484854
7723.40760854
7860.46651854
7974.50944854
8111.56835854
8248.62726854
8349.67494854
8496.74335854
8609.82741854
8746.88632854
8859.97038854
8947.00241854
9034.03444854
9148.07737854
9245.13013854
9373.22509854
9476.23428854
9632.33539854
9769.39430854
9872.40349854
10035.4668285
10106.5039385
10234.5625185
10371.6214285
10518.6898385
10665.7582485
10778.8423085
10891.9263685
11020.0213285
11121.0690085
11249.1639685
11348.2323785
11534.3116885
11665.3521785
11793.4107585
11956.4740885
12027.5111985
12156.5537885
12270.5967185
12341.6338285
12438.6865885
12539.7342685
12638.8026785
12741.8118685
12838.8646285
12975.9235385
13103.9821185
13206.9913085
